0
0
0
0
0
0
0
0
0
0
0
0
2.29426
4.57708
6.84851
9.10861
11.3574
13.5951
15.8215
18.0369
20.2412
0
0
0
0
0
0
0
0
0
0
0
0
0
0
0
0
0
0
0
2.29426
4.57708
6.84851
9.10861
11.3574
13.5951
15.8215
18.0369
20.2412
0
0
0
0
0
0
0
0
0
0
0
0
0
0
0
0
0
0
0
0
2.29426
4.57708
6.84851
9.10861
11.3574
13.5951
15.8215
18.0369
20.2412
0
0
0
0
0
0
0
0
0
0
0
0
0
0
0
0
0
0
0
0
2.29426
4.57708
6.84851
9.10861
9.06318
9.01798
8.973
8.92825
8.88372
8.83941
8.79532
8.75146
8.70781
8.66438
8.62116
8.57817
8.53538
8.49281
8.45045
8.40831
8.36637
8.32464
8.28312
8.24181
8.20071
8.1598
8.11911
8.07861
8.03832
7.99823
7.95834
7.91865
7.87915
7.83985
7.80075
7.76185
7.72313
7.68461
7.64629
7.60815
7.57021
7.53245
7.49488
7.4575
7.4203
7.3833
7.34647
7.30983
7.27337
7.2371
7.201
7.16509
7.12935
7.09379
7.05841
7.02321
6.98818
6.95333
6.91865
6.88414
6.8498
6.81564
6.78165
6.74782
6.71417
6.68068
6.64736
6.61421
6.58122
6.5484
6.51574
6.48324
6.4509
6.41873
6.38672
6.35486
6.32317
6.29163
6.26025
6.22903
6.19796
6.16705
6.13629
6.10568
6.07523
6.04493
6.01478
5.98478
5.95493
5.92523
5.89568
5.86628
5.83702
5.80791
5.77894
5.75012
5.72144
5.6929
5.66451
5.63626
5.60815
5.58018
5.55234
5.52465
5.4971
5.46968
5.4424
5.41526
5.38825
5.36137
5.33463
5.30803
5.28155
5.25521
5.229
5.20292
5.17697
5.15115
5.12546
5.0999
5.07446
5.04915
5.02397
4.99891
4.97398
4.94917
4.92449
4.89993
4.87549
4.85117
4.82698
4.8029
4.77895
4.75511
4.7314
4.7078
4.68432
4.66095
4.63771
4.61458
4.59156
4.56866
4.54587
4.5232
4.50064
4.4782
4.45586
4.43364
4.41152
4.38952
4.36763
4.34584
4.32417
4.3026
4.28114
4.25979
4.23855
4.21741
4.19637
4.17544
4.15462
4.1339
4.11328
4.09276
4.07235
4.05204
4.03183
4.01172
3.99171
3.9718
3.95199
3.93228
3.91267
3.89316
3.87374
3.85442
3.83519
3.81607
3.79703
3.7781
3.75925
3.7405
3.72185
3.70328
3.68481
3.66644
3.64815
3.62995
3.61185
3.59384
3.57591
3.55808
3.54033
3.52267
3.5051
3.48762
3.47023
3.45292
3.4357
3.41856
3.40151
3.38455
3.36767
3.35087
3.33416
3.31753
3.30098
3.28452
3.26814
3.25184
3.23562
3.21948
3.20342
3.18745
3.17155
3.15573
3.13999
3.12433
3.10875
3.09324
3.07782
3.06247
3.04719
3.03199
3.01687
3.00182
2.98685
2.97196
2.95713
2.94238
2.92771
2.91311
2.89858
2.88412
2.86974
2.85542
2.84118
2.82701
2.81291
2.79888
2.78492
2.77103
2.75721
2.74346
2.72978
2.71616
2.70262
2.68914
2.67572
2.66238
2.6491
2.63589
2.62274
2.60966
2.59664
2.58369
2.57081
2.55799
2.54523
2.53253
2.5199
2.50733
2.49483
2.48239
2.47
2.45769
2.44543
2.43323
2.4211
2.40902
2.39701
2.38505
2.37315
2.36132
2.34954
2.33782
2.32616
2.31456
2.30302
2.29153
2.2801
2.26873
2.25741
2.24616
2.23495
2.22381
2.21271
2.20168
2.1907
2.17977
2.1689
2.15808
2.14732
2.13661
2.12595
2.11535
2.1048
2.0943
2.08386
2.07346
2.06312
2.05283
2.04259
2.03241
2.02227
2.01218
2.00215
1.99216
1.98223
1.97234
1.9625
1.95271
1.94297
1.93328
1.92364
1.91405
1.9045
1.895
1.88555
1.87615
1.86679
1.85748
1.84821
1.839
1.82982
1.8207
1.81162
1.80258
1.79359
1.78465
1.77575
1.76689
1.75808
1.74931
1.74058
1.7319
1.72326
1.71467
1.70612
1.69761
1.68914
1.68072
1.67233
1.66399
1.65569
1.64744
1.63922
1.63104
1.62291
1.61481
1.60676
1.59875
1.59077
1.58284
1.57494
1.56709
1.55927
1.5515
1.54376
1.53606
1.5284
1.52078
1.51319
1.50564
1.49813
1.49066
1.48323
1.47583
1.46847
1.46114
1.45386
1.44661
1.43939
1.43221
1.42507
1.41796
1.41089
1.40385
1.39685
1.38988
1.38295
1.37605
1.36919
1.36236
1.35557
1.34881
1.34208
1.33539
1.32873
1.3221
1.3155
1.30894
1.30241
1.29592
1.28946
1.28302
1.27663
1.27026
1.26392
1.25762
1.25135
1.24511
1.2389
1.23272
1.22657
1.22045
1.21436
1.20831
1.20228
1.19628
1.19032
1.18438
1.17847
1.1726
1.16675
1.16093
1.15514
1.14938
1.14364
1.13794
1.13227
1.12662
1.121
1.11541
1.10984
1.10431
1.0988
1.09332
1.08787
1.08244
1.07704
1.07167
1.06633
1.06101
1.05572
1.05045
1.04521
1.04
1.03481
1.02965
1.02452
1.01941
1.01432
1.00926
1.00423
0.99922
0.994237
0.989278
0.984344
0.979435
0.97455
0.969689
0.964853
0.96004
0.955252
0.950488
0.945747
0.94103
0.936337
0.931667
0.92702
0.922397
0.917796
0.913219
0.908664
0.904132
0.899623
0.895136
0.890671
0.886229
0.881809
0.877411
0.873035
0.868681
0.864348
0.860037
0.855748
0.85148
0.847233
0.843007
0.838803
0.834619
0.830456
0.826314
0.822193
0.818093
0.814012
0.809952
0.805913
0.801893
0.797894
0.793914
0.789955
0.786015
0.782094
0.778194
0.774312
0.770451
0.766608
0.762784
0.75898
0.755195
0.751428
0.74768
0.743951
0.740241
0.736549
0.732875
0.72922
0.725583
0.721964
0.718363
0.71478
0.711215
0.707668
0.704139
0.700627
0.697132
0.693655
0.690196
0.686754
0.683328
0.67992
0.676529
0.673155
0.669798
0.666457
0.663133
0.659826
0.656535
0.65326
0.650002
0.64676
0.643534
0.640325
0.637131
0.633953
0.630792
0.627645
0.624515
0.6214
0.618301
0.615217
0.612149
0.609096
0.606058
0.603035
0.600027
0.597035
0.594057
0.591094
0.588146
0.585213
0.582294
0.57939
0.5765
0.573625
0.570764
0.567917
0.565085
0.562266
0.559462
0.556672
0.553895
0.551133
0.548384
0.545649
0.542927
0.540219
0.537525
0.534844
0.532177
0.529522
0.526881
0.524254
0.521639
0.519037
0.516448
0.513873
0.51131
0.50876
0.506222
0.503697
0.501185
0.498685
0.496198
0.493723
0.491261
0.488811
0.486373
0.483947
0.481533
0.479132
0.476742
0.474364
0.471998
0.469644
0.467302
0.464971
0.462652
0.460345
0.458049
0.455764
0.453491
0.451229
0.448979
0.446739
0.444511
0.442294
0.440088
0.437893
0.435709
0.433536
0.431374
0.429222
0.427082
0.424952
0.422832
0.420723
0.418625
0.416537
0.41446
0.412392
0.410336
0.408289
0.406253
0.404227
0.40221
0.400204
0.398208
0.396222
0.394246
0.39228
0.390323
0.388377
0.38644
0.384512
0.382594
0.380686
0.378788
0.376898
0.375019
0.373148
0.371287
0.369435
0.367593
0.365759
0.363935
0.36212
0.360314
0.358517
0.356729
0.354949
0.353179
0.351418
0.349665
0.347921
0.346186
0.344459
0.342741
0.341032
0.339331
0.337638
0.335954
0.334279
0.332612
0.330953
0.329302
0.32766
0.326025
0.324399
0.322781
0.321172
0.31957
0.317976
0.31639
0.314812
0.313242
0.31168
0.310125
0.308578
0.307039
0.305508
0.303984
0.302468
0.300959
0.299458
0.297965
0.296479
0.295
0.293529
0.292065
0.290608
0.289159
0.287716
0.286281
0.284854
0.283433
0.282019
0.280613
0.279213
0.277821
0.276435
0.275056
0.273684
0.272319
0.270961
0.26961
0.268265
0.266927
0.265596
0.264271
0.262953
0.261642
0.260337
0.259038
0.257746
0.256461
0.255182
0.253909
0.252642
0.251382
0.250129
0.248881
0.24764
0.246405
0.245176
0.243953
0.242736
0.241526
0.240321
0.239122
0.23793
0.236743
0.235562
0.234387
0.233218
0.232055
0.230898
0.229746
0.2286
0.22746
0.226326
0.225197
0.224074
0.222956
0.221844
0.220738
0.219637
0.218541
0.217451
0.216367
0.215288
0.214214
0.213146
0.212083
0.211025
0.209972
0.208925
0.207883
0.206846
0.205815
0.204788
0.203767
0.20275
0.201739
0.200733
0.199732
0.198736
0.197744
0.196758
0.195777
0.1948
0.193829
0.192862
0.1919
0.190943
0.189991
0.189043
0.1881
0.187162
0.186229
0.1853
0.184376
0.183456
0.182541
0.181631
0.180725
0.179823
0.178927
0.178034
0.177146
0.176263
0.175384
0.174509
0.173638
0.172772
0.171911
0.171053
0.1702
0.169351
0.168507
0.167666
0.16683
0.165998
0.16517
0.164346
0.163527
0.162711
0.161899
0.161092
0.160289
0.159489
0.158694
0.157902
0.157115
0.156331
0.155551
0.154775
0.154004
0.153235
0.152471
0.151711
0.150954
0.150201
0.149452
0.148707
0.147965
0.147227
0.146493
0.145762
0.145035
0.144312
0.143592
0.142876
0.142163
0.141454
0.140749
0.140047
0.139348
0.138653
0.137962
0.137274
0.136589
0.135908
0.13523
0.134555
0.133884
0.133216
0.132552
0.131891
0.131233
0.130579
0.129927
0.129279
0.128635
0.127993
0.127355
0.126719
0.126087
0.125459
0.124833
0.12421
0.123591
0.122974
0.122361
0.121751
0.121143
0.120539
0.119938
0.11934
0.118745
0.118152
0.117563
0.116977
0.116393
0.115813
0.115235
0.11466
0.114089
0.11352
0.112953
0.11239
0.11183
0.111272
0.110717
0.110165
0.109615
0.109068
0.108524
0.107983
0.107445
0.106909
0.106376
0.105845
0.105317
0.104792
0.104269
0.103749
0.103232
0.102717
0.102204
0.101695
Spike time : 
2
4.8
7.7
