Membrane potential: 
0
0.100748
0.200993
0.300739
0.399987
0.49874
0.597
0.694771
0.792053
0.888851
0.985166
1.081
1.17636
1.27124
1.36564
1.45958
1.55305
1.64605
1.73859
1.83067
1.92228
2.01344
2.10415
2.1944
2.28421
2.37356
2.46247
2.55094
2.63896
2.72655
2.8137
2.90041
2.9867
3.07255
3.15797
3.24297
3.32754
3.41169
3.49543
3.57874
3.66164
3.74412
3.8262
3.90786
3.98912
4.06997
4.15042
4.23047
4.31012
4.38937
4.46822
4.54669
4.62476
4.70244
4.77973
4.85664
4.93317
5.00931
5.08508
5.16046
5.23547
5.31011
5.38437
5.45826
5.53179
5.60495
5.67774
5.75017
5.82224
5.89395
5.9653
6.0363
6.10694
6.17723
6.24717
6.31676
6.386
6.4549
6.52345
6.59166
6.65954
6.72707
6.79426
6.86113
6.92765
6.99385
7.05972
7.12525
7.19046
7.25535
7.31991
7.38415
7.44807
7.51167
7.57495
7.63792
7.70058
7.76292
7.82495
7.88667
7.94808
8.00919
8.06999
8.13049
8.19068
8.25058
8.31018
8.36948
8.42849
8.4872
8.54561
8.60374
8.66158
8.71913
8.77639
8.83336
8.89005
8.94646
9.00259
9.05844
9.114
9.1693
9.22431
9.27905
9.33352
9.38772
9.44165
9.4953
9.54869
9.60182
9.65468
9.70727
9.7596
9.81167
9.86349
9.91504
9.96634
10.0174
10.0682
10.1187
10.169
10.219
10.2688
10.3183
10.3676
10.4166
10.4654
10.514
10.5623
10.6104
10.6582
10.7058
10.7531
10.8003
10.8471
10.8938
10.9402
10.9864
11.0323
11.0781
11.1236
11.1688
11.2139
11.2587
11.3033
11.3477
11.3918
11.4357
11.4794
11.5229
11.5662
11.6093
11.6521
11.6948
11.7372
11.7794
11.8214
11.8632
11.9048
11.9461
11.9873
12.0283
12.069
12.1096
12.1499
12.1901
12.23
12.2698
12.3093
12.3487
12.3878
12.4268
12.4656
12.5041
12.5425
12.5807
12.6187
12.6565
12.6942
12.7316
12.7688
12.8059
12.8428
12.8795
12.916
12.9523
12.9885
13.0244
13.0602
13.0958
13.1313
13.1665
13.2016
13.2365
13.2712
13.3058
13.3402
13.3744
13.4084
13.4423
13.476
13.5095
13.5429
13.5761
13.6091
13.642
13.6747
13.7073
13.7397
13.7719
13.8039
13.8358
13.8676
13.8992
13.9306
13.9619
13.993
14.0239
14.0547
14.0854
14.1159
14.1462
14.1764
14.2065
14.2364
14.2661
14.2957
14.3251
14.3544
14.3836
14.4126
14.4415
14.4702
14.4988
14.5272
14.5555
14.5836
14.6117
14.6395
14.6673
14.6949
14.7223
14.7496
14.7768
14.8039
14.8308
14.8576
14.8842
14.9107
14.9371
14.9633
14.9895
15.0155
15.0413
15.067
15.0926
15.1181
15.1435
15.1687
15.1938
15.2187
15.2436
15.2683
15.2929
15.3174
15.3417
15.366
15.3901
15.4141
15.4379
15.4617
15.4853
15.5088
15.5322
15.5555
15.5787
15.6017
15.6247
15.6475
15.6702
15.6928
15.7153
15.7376
15.7599
15.782
15.8041
15.826
15.8478
15.8695
15.8911
15.9126
15.934
15.9553
15.9764
15.9975
16.0184
16.0393
16.0601
16.0807
16.1012
16.1217
16.142
16.1623
16.1824
16.2024
16.2224
16.2422
16.262
16.2816
16.3011
16.3206
16.3399
16.3592
16.3783
16.3974
16.4164
16.4352
16.454
16.4727
16.4913
16.5098
16.5282
16.5465
16.5647
16.5829
16.6009
16.6189
16.6367
16.6545
16.6722
16.6898
16.7073
16.7247
16.742
16.7593
16.7764
16.7935
16.8105
16.8274
16.8442
16.861
16.8776
16.8942
16.9107
16.9271
16.9434
16.9596
16.9758
16.9919
17.0079
17.0238
17.0397
17.0554
17.0711
17.0867
17.1022
17.1177
17.1331
17.1483
17.1636
17.1787
17.1938
17.2088
17.2237
17.2385
17.2533
17.268
17.2826
17.2972
17.3117
17.3261
17.3404
17.3547
17.3689
17.383
17.397
17.411
17.4249
17.4388
17.4525
17.4662
17.4799
17.4934
17.5069
17.5204
17.5337
17.547
17.5603
17.5734
17.5865
17.5996
17.6125
17.6254
17.6383
17.651
17.6638
17.6764
17.689
17.7015
17.714
17.7264
17.7387
17.751
17.7632
17.7754
17.7875
17.7995
17.8115
17.8234
17.8352
17.847
17.8588
17.8704
17.8821
17.8936
17.9051
17.9166
17.9279
17.9393
17.9506
17.9618
17.9729
17.984
17.9951
18.0061
18.017
18.0279
18.0388
18.0495
18.0603
18.0709
18.0816
18.0921
18.1026
18.1131
18.1235
18.1339
18.1442
18.1544
18.1646
18.1748
18.1849
18.1949
18.2049
18.2149
18.2248
18.2346
18.2444
18.2542
18.2639
18.2735
18.2832
18.2927
18.3022
18.3117
18.3211
18.3305
18.3398
18.3491
18.3583
18.3675
18.3766
18.3857
18.3948
18.4038
18.4127
18.4217
18.4305
18.4394
18.4481
18.4569
18.4656
18.4742
18.4828
18.4914
18.4999
18.5084
18.5168
18.5252
18.5336
18.5419
18.5502
18.5584
18.5666
18.5747
18.5828
18.5909
18.5989
18.6069
18.6148
18.6228
18.6306
18.6384
18.6462
18.654
18.6617
18.6694
18.677
18.6846
18.6922
18.6997
18.7072
18.7146
18.722
18.7294
18.7367
18.744
18.7513
18.7585
18.7657
18.7728
18.78
18.787
18.7941
18.8011
18.8081
18.815
18.8219
18.8288
18.8356
18.8424
18.8492
18.856
18.8627
18.8693
18.876
18.8826
18.8891
18.8957
18.9022
18.9087
18.9151
18.9215
18.9279
18.9342
18.9405
18.9468
18.9531
18.9593
18.9655
18.9716
18.9778
18.9839
18.9899
18.996
19.002
19.0079
19.0139
19.0198
19.0257
19.0315
19.0374
19.0432
19.0489
19.0547
19.0604
19.0661
19.0717
19.0774
19.083
19.0885
19.0941
19.0996
19.1051
19.1105
19.116
19.1214
19.1268
19.1321
19.1374
19.1427
19.148
19.1533
19.1585
19.1637
19.1688
19.174
19.1791
19.1842
19.1893
19.1943
19.1993
19.2043
19.2093
19.2142
19.2191
19.224
19.2289
19.2337
19.2386
19.2433
19.2481
19.2529
19.2576
19.2623
19.267
19.2716
19.2763
19.2809
19.2854
19.29
19.2945
19.2991
19.3036
19.308
19.3125
19.3169
19.3213
19.3257
19.33
19.3344
19.3387
19.343
19.3473
19.3515
19.3558
19.36
19.3642
19.3683
19.3725
19.3766
19.3807
19.3848
19.3889
19.3929
19.3969
19.4009
19.4049
19.4089
19.4128
19.4168
19.4207
19.4246
19.4284
19.4323
19.4361
19.4399
19.4437
19.4475
19.4512
19.455
19.4587
19.4624
19.4661
19.4697
19.4734
19.477
19.4806
19.4842
19.4877
19.4913
19.4948
19.4983
19.5018
19.5053
19.5088
19.5122
19.5157
19.5191
19.5225
19.5259
19.5292
19.5326
19.5359
19.5392
19.5425
19.5458
19.549
19.5523
19.5555
19.5587
19.5619
19.5651
19.5683
19.5714
19.5746
19.5777
19.5808
19.5839
19.587
19.59
19.5931
19.5961
19.5991
19.6021
19.6051
19.608
19.611
19.6139
19.6169
19.6198
19.6227
19.6255
19.6284
19.6313
19.6341
19.6369
19.6397
19.6425
19.6453
19.6481
19.6508
19.6536
19.6563
19.659
19.6617
19.6644
19.667
19.6697
19.6723
19.675
19.6776
19.6802
19.6828
19.6854
19.6879
19.6905
19.693
19.6956
19.6981
19.7006
19.7031
19.7056
19.708
19.7105
19.7129
19.7153
19.7178
19.7202
19.7226
19.7249
19.7273
19.7297
19.732
19.7343
19.7367
19.739
19.7413
19.7436
19.7458
19.7481
19.7504
19.7526
19.7548
19.7571
19.7593
19.7615
19.7637
19.7658
19.768
19.7701
19.7723
19.7744
19.7765
19.7787
19.7808
19.7829
19.7849
19.787
19.7891
19.7911
19.7932
19.7952
19.7972
19.7992
19.8012
19.8032
19.8052
19.8071
19.8091
19.8111
19.813
19.8149
19.8168
19.8188
19.8207
19.8226
19.8244
19.8263
19.8282
19.83
19.8319
19.8337
19.8355
19.8374
19.8392
19.841
19.8427
19.8445
19.8463
19.8481
19.8498
19.8516
19.8533
19.855
19.8568
19.8585
19.8602
19.8619
19.8636
19.8652
19.8669
19.8686
19.8702
19.8719
19.8735
19.8751
19.8767
19.8784
19.88
19.8816
19.8831
19.8847
19.8863
19.8879
19.8894
19.891
19.8925
19.894
19.8956
19.8971
19.8986
19.9001
19.9016
19.9031
19.9046
19.906
19.9075
19.909
19.9104
19.9119
19.9133
19.9147
19.9162
19.9176
19.919
19.9204
19.9218
19.9232
19.9245
19.9259
19.9273
19.9286
19.93
19.9313
19.9327
19.934
19.9353
19.9367
19.938
19.9393
19.9406
19.9419
19.9432
19.9444
19.9457
19.947
19.9482
19.9495
19.9508
19.952
19.9532
19.9545
19.9557
19.9569
19.9581
19.9593
19.9605
19.9617
19.9629
19.9641
19.9653
19.9664
19.9676
19.9688
19.9699
19.9711
19.9722
19.9733
19.9745
19.9756
19.9767
19.9778
19.9789
19.98
19.9811
19.9822
19.9833
19.9844
19.9855
19.9865
19.9876
19.9887
19.9897
19.9908
19.9918
19.9929
19.9939
19.9949
19.9959
19.997
19.998
19.999
20
20.001
10
10
10
10
10
10
10
10
10
10
10
10
10
10
10
10
10
10
10
10
10
10.0509
10.1015
10.1519
10.202
10.2518
10.3015
10.3508
10.3999
10.4488
10.4975
10.5459
10.594
10.6419
10.6896
10.737
10.7842
10.8312
10.8779
10.9244
10.9707
11.0167
11.0625
11.1081
11.1534
11.1985
11.2434
11.2881
11.3325
11.3768
11.4208
11.4646
11.5081
11.5515
11.5946
11.6375
11.6802
11.7227
11.765
11.8071
11.8489
11.8906
11.932
11.9733
12.0143
12.0551
12.0958
12.1362
12.1764
12.2164
12.2562
12.2959
12.3353
12.3745
12.4135
12.4524
12.491
12.5295
12.5677
12.6058
12.6437
12.6813
12.7188
12.7562
12.7933
12.8302
12.867
12.9036
12.9399
12.9762
13.0122
13.048
13.0837
13.1192
13.1545
13.1896
13.2246
13.2594
13.294
13.3285
13.3627
13.3968
13.4308
13.4645
13.4981
13.5315
13.5648
13.5979
13.6308
13.6636
13.6962
13.7286
13.7609
13.793
13.825
13.8568
13.8884
13.9199
13.9512
13.9824
14.0134
14.0442
14.0749
14.1055
14.1359
14.1661
14.1962
14.2262
14.256
14.2856
14.3151
14.3445
14.3737
14.4027
14.4316
14.4604
14.489
14.5175
14.5459
14.5741
14.6021
14.63
14.6578
14.6855
14.713
14.7403
14.7676
14.7947
14.8216
14.8484
14.8751
14.9017
14.9281
14.9544
14.9806
15.0066
15.0325
15.0583
15.0839
15.1094
15.1348
15.1601
15.1852
15.2102
15.2351
15.2599
15.2845
15.309
15.3334
15.3577
15.3819
15.4059
15.4298
15.4536
15.4773
15.5008
15.5243
15.5476
15.5708
15.5939
15.6168
15.6397
15.6624
15.6851
15.7076
15.73
15.7523
15.7745
15.7966
15.8185
15.8404
15.8621
15.8837
15.9053
15.9267
15.948
15.9692
15.9903
16.0113
16.0322
16.053
16.0737
16.0943
16.1147
16.1351
16.1554
16.1756
16.1956
16.2156
16.2355
16.2552
16.2749
16.2945
16.314
16.3334
16.3526
16.3718
16.3909
16.4099
16.4288
16.4476
16.4663
16.485
16.5035
16.5219
16.5403
16.5585
16.5767
16.5948
16.6127
16.6306
16.6484
16.6662
16.6838
16.7013
16.7188
16.7361
16.7534
16.7706
16.7877
16.8047
16.8216
16.8385
16.8553
16.8719
16.8885
16.9051
16.9215
16.9378
16.9541
16.9703
16.9864
17.0024
17.0184
17.0343
17.05
17.0658
17.0814
17.0969
17.1124
17.1278
17.1431
17.1584
17.1736
17.1887
17.2037
17.2186
17.2335
17.2483
17.263
17.2777
17.2922
17.3067
17.3212
17.3355
17.3498
17.364
17.3782
17.3922
17.4062
17.4202
17.434
17.4478
17.4616
17.4752
17.4888
17.5023
17.5158
17.5292
17.5425
17.5557
17.5689
17.5821
17.5951
17.6081
17.621
17.6339
17.6467
17.6594
17.6721
17.6847
17.6973
17.7097
17.7222
17.7345
17.7468
17.759
17.7712
17.7833
17.7954
17.8074
17.8193
17.8312
17.843
17.8548
17.8665
17.8781
17.8897
17.9012
17.9127
17.9241
17.9354
17.9467
17.958
17.9691
17.9803
17.9913
18.0024
18.0133
18.0242
18.0351
18.0459
18.0566
18.0673
18.0779
18.0885
18.0991
18.1095
18.12
18.1303
18.1407
18.1509
18.1611
18.1713
18.1814
18.1915
18.2015
18.2115
18.2214
18.2313
18.2411
18.2509
18.2606
18.2703
18.2799
18.2895
18.299
18.3085
18.3179
18.3273
18.3366
18.3459
18.3552
18.3644
18.3735
18.3826
18.3917
18.4007
18.4097
18.4186
18.4275
18.4363
18.4451
18.4539
18.4626
18.4713
18.4799
18.4885
18.497
18.5055
18.514
18.5224
18.5307
18.5391
18.5473
18.5556
18.5638
18.5719
18.5801
18.5881
18.5962
18.6042
18.6121
18.6201
18.6279
18.6358
18.6436
18.6513
18.6591
18.6668
18.6744
18.682
18.6896
18.6971
18.7046
18.7121
18.7195
18.7269
18.7342
18.7415
18.7488
18.756
18.7632
18.7704
18.7775
18.7846
18.7917
18.7987
18.8057
18.8127
18.8196
18.8265
18.8333
18.8401
18.8469
18.8537
18.8604
18.8671
18.8737
18.8803
18.8869
18.8935
18.9
18.9065
18.9129
18.9193
18.9257
18.9321
18.9384
18.9447
18.9509
18.9572
18.9634
18.9695
18.9757
18.9818
18.9879
18.9939
18.9999
19.0059
19.0119
19.0178
19.0237
19.0296
19.0354
19.0412
19.047
19.0527
19.0584
19.0641
19.0698
19.0754
19.0811
19.0866
19.0922
19.0977
19.1032
19.1087
19.1141
19.1195
19.1249
19.1303
19.1356
19.1409
19.1462
19.1515
19.1567
19.1619
19.1671
19.1722
19.1774
19.1825
19.1875
19.1926
19.1976
19.2026
19.2076
19.2125
19.2175
19.2224
19.2272
19.2321
19.2369
19.2417
19.2465
19.2513
19.256
19.2607
19.2654
19.27
19.2747
19.2793
19.2839
19.2885
19.293
19.2975
19.302
19.3065
19.311
19.3154
19.3198
19.3242
19.3286
19.3329
19.3372
19.3415
19.3458
19.3501
19.3543
19.3585
19.3627
19.3669
19.3711
19.3752
19.3793
19.3834
19.3875
19.3915
19.3956
19.3996
19.4036
19.4075
19.4115
19.4154
19.4193
19.4232
19.4271
19.431
19.4348
19.4386
19.4424
19.4462
19.4499
19.4537
19.4574
19.4611
19.4648
19.4685
19.4721
19.4757
19.4794
19.483
19.4865
19.4901
19.4936
19.4972
19.5007
19.5041
19.5076
19.5111
19.5145
19.5179
19.5213
19.5247
19.5281
19.5314
19.5348
19.5381
19.5414
19.5447
19.5479
19.5512
19.5544
19.5576
19.5608
19.564
19.5672
19.5704
19.5735
19.5766
19.5797
19.5828
19.5859
19.589
19.592
19.5951
19.5981
19.6011
19.6041
19.607
19.61
19.6129
19.6159
19.6188
19.6217
19.6246
19.6274
19.6303
19.6331
19.6359
19.6388
19.6416
19.6443
19.6471
19.6499
19.6526
19.6554
19.6581
19.6608
19.6635
19.6661
19.6688
19.6714
19.6741
19.6767
19.6793
19.6819
19.6845
19.6871
19.6896
19.6922
19.6947
19.6972
19.6997
19.7022
19.7047
19.7072
19.7096
19.7121
19.7145
19.7169
19.7193
19.7217
19.7241
19.7265
19.7289
19.7312
19.7336
19.7359
19.7382
19.7405
19.7428
19.7451
19.7473
19.7496
19.7518
19.7541
19.7563
19.7585
19.7607
19.7629
19.7651
19.7673
19.7694
19.7716
19.7737
19.7758
19.7779
19.78
19.7821
19.7842
19.7863
19.7884
19.7904
19.7925
19.7945
19.7965
19.7985
19.8005
19.8025
19.8045
19.8065
19.8084
19.8104
19.8123
19.8143
19.8162
19.8181
19.82
19.8219
19.8238
19.8257
19.8275
19.8294
19.8312
19.8331
19.8349
19.8367
19.8385
19.8403
19.8421
19.8439
19.8457
19.8475
19.8492
19.851
19.8527
19.8544
19.8562
19.8579
19.8596
19.8613
19.863
19.8647
19.8663
19.868
19.8697
19.8713
19.8729
19.8746
19.8762
19.8778
19.8794
19.881
19.8826
19.8842
19.8858
19.8873
19.8889
19.8904
19.892
19.8935
19.8951
19.8966
19.8981
19.8996
19.9011
19.9026
19.9041
19.9055
19.907
19.9085
19.9099
19.9114
19.9128
19.9142
19.9157
19.9171
19.9185
19.9199
19.9213
19.9227
19.9241
19.9254
19.9268
19.9282
19.9295
19.9309
19.9322
19.9336
19.9349
19.9362
19.9375
19.9388
19.9401
19.9414
19.9427
19.944
19.9453
19.9466
19.9478
19.9491
19.9503
19.9516
19.9528
19.954
19.9553
19.9565
19.9577
19.9589
19.9601
19.9613
19.9625
19.9637
19.9649
19.966
19.9672
19.9684
19.9695
19.9707
19.9718
19.973
19.9741
19.9752
19.9763
19.9775
19.9786
19.9797
19.9808
19.9819
19.9829
19.984
19.9851
19.9862
19.9872
19.9883
19.9894
19.9904
19.9915
19.9925
19.9935
19.9946
19.9956
19.9966
19.9976
19.9986
19.9996
20.0006
10
10
10
10
10
10
10
10
10
10
10
10
10
10
10
10
10
10
10
10
10
10.0509
10.1015
10.1519
10.202
10.2518
10.3015
10.3508
10.3999
10.4488
10.4975
10.5459
10.594
10.6419
10.6896
10.737
10.7842
10.8312
10.8779
10.9244
10.9707
11.0167
11.0625
11.1081
11.1534
11.1985
11.2434
11.2881
11.3325
11.3768
11.4208
11.4646
11.5081
11.5515
11.5946
11.6375
11.6802
11.7227
11.765
11.8071
11.8489
11.8906
11.932
11.9733
12.0143
12.0551
12.0958
12.1362
12.1764
12.2164
12.2562
12.2959
12.3353
12.3745
12.4135
12.4524
12.491
12.5295
12.5677
12.6058
12.6437
12.6813
12.7188
12.7562
12.7933
12.8302
12.867
12.9036
12.9399
12.9762
13.0122
13.048
13.0837
13.1192
13.1545
13.1896
13.2246
13.2594
13.294
13.3285
13.3627
13.3968
13.4308
13.4645
13.4981
13.5315
13.5648
13.5979
13.6308
13.6636
13.6962
13.7286
13.7609
13.793
13.825
13.8568
13.8884
13.9199
13.9512
13.9824
14.0134
14.0442
14.0749
14.1055
14.1359
14.1661
14.1962
14.2262
14.256
14.2856
14.3151
14.3445
14.3737
14.4027
14.4316
14.4604
14.489
14.5175
14.5459
14.5741
14.6021
14.63
14.6578
14.6855
14.713
14.7403
14.7676
14.7947
14.8216
14.8484
14.8751
14.9017
14.9281
14.9544
14.9806
15.0066
15.0325
15.0583
15.0839
15.1094
15.1348
15.1601
15.1852
15.2102
15.2351
15.2599
15.2845
15.309
15.3334
15.3577
15.3819
15.4059
15.4298
15.4536
15.4773
15.5008
15.5243
15.5476
15.5708
15.5939
15.6168
15.6397
15.6624
15.6851
15.7076
15.73
15.7523
15.7745
15.7966
15.8185
15.8404
15.8621
15.8837
15.9053
15.9267
15.948
15.9692
15.9903
16.0113
16.0322
16.053
16.0737
16.0943
16.1147
16.1351
16.1554
16.1756
16.1956
16.2156
16.2355
16.2552
16.2749
16.2945
16.314
16.3334
16.3526
16.3718
16.3909
16.4099
16.4288
16.4476
16.4663
16.485
16.5035
16.5219
16.5403
16.5585
16.5767
16.5948
16.6127
16.6306
16.6484
16.6662
16.6838
16.7013
16.7188
16.7361
16.7534
16.7706
16.7877
16.8047
16.8216
16.8385
16.8553
16.8719
16.8885
16.9051
16.9215
16.9378
16.9541
16.9703
16.9864
17.0024
17.0184
17.0343
17.05
17.0658
17.0814
17.0969
17.1124
17.1278
17.1431
17.1584
17.1736
17.1887
17.2037
17.2186
17.2335
17.2483
17.263
17.2777
17.2922
17.3067
17.3212
17.3355
17.3498
17.364
17.3782
17.3922
17.4062
17.4202
17.434
17.4478
17.4616
17.4752
17.4888
17.5023
17.5158
17.5292
17.5425
17.5557
17.5689
17.5821
17.5951
17.6081
17.621
17.6339
17.6467
17.6594
17.6721
17.6847
17.6973
17.7097
17.7222
17.7345
17.7468
17.759
17.7712
17.7833
17.7954
17.8074
17.8193
17.8312
17.843
17.8548
17.8665
17.8781
17.8897
17.9012
17.9127
17.9241
17.9354
17.9467
17.958
17.9691
17.9803
17.9913
18.0024
18.0133
18.0242
18.0351
18.0459
18.0566
18.0673
18.0779
18.0885
18.0991
18.1095
18.12
18.1303
18.1407
18.1509
18.1611
18.1713
18.1814
18.1915
18.2015
18.2115
18.2214
18.2313
18.2411
18.2509
18.2606
18.2703
18.2799
18.2895
18.299
18.3085
18.3179
18.3273
18.3366
18.3459
18.3552
18.3644
18.3735
18.3826
18.3917
18.4007
18.4097
18.4186
18.4275
18.4363
18.4451
18.4539
18.4626
18.4713
18.4799
18.4885
18.497
18.5055
18.514
18.5224
18.5307
18.5391
18.5473
18.5556
18.5638
18.5719
18.5801
18.5881
18.5962
18.6042
18.6121
18.6201
18.6279
18.6358
18.6436
18.6513
18.6591
18.6668
18.6744
18.682
18.6896
18.6971
18.7046
18.7121
18.7195
18.7269
18.7342
18.7415
18.7488
18.756
18.7632
18.7704
18.7775
18.7846
18.7917
18.7987
18.8057
18.8127
18.8196
18.8265
18.8333
18.8401
18.8469
18.8537
18.8604
18.8671
18.8737
18.8803
18.8869
18.8935
18.9
18.9065
18.9129
18.9193
18.9257
18.9321
18.9384
18.9447
18.9509
18.9572
18.9634
18.9695
18.9757
18.9818
18.9879
18.9939
18.9999
19.0059
19.0119
19.0178
19.0237
19.0296
19.0354
19.0412
19.047
19.0527
19.0584
19.0641
19.0698
19.0754
19.0811
19.0866
19.0922
19.0977
19.1032
19.1087
19.1141
19.1195
19.1249
19.1303
19.1356
19.1409
19.1462
19.1515
19.1567
19.1619
19.1671
19.1722
19.1774
19.1825
19.1875
19.1926
19.1976
19.2026
19.2076
19.2125
19.2175
19.2224
19.2272
19.2321
19.2369
19.2417
19.2465
19.2513
19.256
19.2607
19.2654
19.27
19.2747
19.2793
19.2839
19.2885
19.293
19.2975
19.302
19.3065
19.311
19.3154
19.3198
19.3242
19.3286
19.3329
19.3372
19.3415
19.3458
19.3501
19.3543
19.3585
19.3627
19.3669
19.3711
19.3752
19.3793
19.3834
19.3875
19.3915
19.3956
19.3996
19.4036
19.4075
19.4115
19.4154
19.4193
19.4232
19.4271
19.431
19.4348
19.4386
19.4424
19.4462
19.4499
19.4537
19.4574
19.4611
19.4648
19.4685
19.4721
19.4757
19.4794
19.483
19.4865
19.4901
19.4936
19.4972
19.5007
19.5041
19.5076
19.5111
19.5145
19.5179
19.5213
19.5247
19.5281
19.5314
19.5348
19.5381
19.5414
19.5447
19.5479
19.5512
19.5544
19.5576
19.5608
19.564
19.5672
19.5704
19.5735
19.5766
19.5797
19.5828
19.5859
19.589
19.592
19.5951
19.5981
19.6011
19.6041
19.607
19.61
19.6129
19.6159
19.6188
19.6217
19.6246
19.6274
19.6303
19.6331
19.6359
19.6388
19.6416
19.6443
19.6471
19.6499
19.6526
19.6554
19.6581
19.6608
19.6635
19.6661
19.6688
19.6714
19.6741
19.6767
19.6793
19.6819
19.6845
19.6871
19.6896
19.6922
19.6947
19.6972
19.6997
19.7022
19.7047
19.7072
19.7096
19.7121
19.7145
19.7169
19.7193
19.7217
19.7241
19.7265
19.7289
19.7312
19.7336
19.7359
19.7382
19.7405
19.7428
19.7451
19.7473
19.7496
19.7518
19.7541
19.7563
19.7585
19.7607
19.7629
19.7651
19.7673
19.7694
19.7716
19.7737
19.7758
19.7779
19.78
19.7821
19.7842
19.7863
19.7884
19.7904
19.7925
19.7945
19.7965
19.7985
19.8005
19.8025
19.8045
19.8065
19.8084
19.8104
19.8123
19.8143
19.8162
19.8181
19.82
19.8219
19.8238
19.8257
19.8275
19.8294
19.8312
19.8331
19.8349
19.8367
19.8385
19.8403
19.8421
19.8439
19.8457
19.8475
19.8492
19.851
19.8527
19.8544
19.8562
19.8579
19.8596
19.8613
19.863
19.8647
19.8663
19.868
19.8697
19.8713
19.8729
19.8746
19.8762
19.8778
19.8794
19.881
19.8826
19.8842
19.8858
19.8873
19.8889
19.8904
19.892
19.8935
19.8951
19.8966
19.8981
19.8996
19.9011
19.9026
19.9041
19.9055
19.907
19.9085
19.9099
19.9114
19.9128
19.9142
19.9157
19.9171
19.9185
19.9199
19.9213
19.9227
19.9241
19.9254
19.9268
19.9282
19.9295
19.9309
19.9322
19.9336
19.9349
19.9362
19.9375
19.9388
19.9401
19.9414
19.9427
19.944
19.9453
19.9466
19.9478
19.9491
19.9503
19.9516
19.9528
19.954
19.9553
19.9565
19.9577
19.9589
19.9601
19.9613
19.9625
19.9637
19.9649
19.966
19.9672
19.9684
19.9695
19.9707
19.9718
19.973
19.9741
19.9752
19.9763
19.9775
19.9786
19.9797
19.9808
19.9819
19.9829
19.984
19.9851
19.9862
19.9872
19.9883
19.9894
19.9904
19.9915
19.9925
19.9935
19.9946
19.9956
19.9966
19.9976
19.9986
19.9996
20.0006
10
10
10
10
10
10
10
10
10
10
10
10
10
10
10
10
10
10
10
10
10
10.0509
10.1015
10.1519
10.202
10.2518
10.3015
10.3508
10.3999
10.4488
10.4975
10.5459
10.594
10.6419
10.6896
10.737
10.7842
10.8312
10.8779
10.9244
10.9707
11.0167
11.0625
11.1081
11.1534
11.1985
11.2434
11.2881
11.3325
11.3768
11.4208
11.4646
11.5081
11.5515
11.5946
11.6375
11.6802
11.7227
11.765
11.8071
11.8489
11.8906
11.932
11.9733
12.0143
12.0551
12.0958
12.1362
12.1764
12.2164
12.2562
12.2959
12.3353
12.3745
12.4135
12.4524
12.491
12.5295
12.5677
12.6058
12.6437
12.6813
12.7188
12.7562
12.7933
12.8302
12.867
12.9036
12.9399
12.9762
13.0122
13.048
13.0837
13.1192
13.1545
13.1896
13.2246
13.2594
13.294
13.3285
13.3627
13.3968
13.4308
13.4645
13.4981
13.5315
13.5648
13.5979
13.6308
13.6636
13.6962
13.7286
13.7609
13.793
13.825
13.8568
13.8884
13.9199
13.9512
13.9824
14.0134
14.0442
14.0749
14.1055
14.1359
14.1661
14.1962
14.2262
14.256
14.2856
14.3151
14.3445
14.3737
14.4027
14.4316
14.4604
14.489
14.5175
14.5459
14.5741
14.6021
14.63
14.6578
14.6855
14.713
14.7403
14.7676
14.7947
14.8216
14.8484
14.8751
14.9017
14.9281
14.9544
14.9806
15.0066
15.0325
15.0583
15.0839
15.1094
15.1348
15.1601
15.1852
15.2102
15.2351
15.2599
15.2845
15.309
15.3334
15.3577
15.3819
15.4059
15.4298
15.4536
15.4773
15.5008
15.5243
15.5476
15.5708
15.5939
15.6168
15.6397
15.6624
15.6851
15.7076
15.73
15.7523
15.7745
15.7966
15.8185
15.8404
15.8621
15.8837
15.9053
15.9267
15.948
15.9692
15.9903
16.0113
16.0322
16.053
16.0737
16.0943
16.1147
16.1351
16.1554
16.1756
16.1956
16.2156
16.2355
16.2552
16.2749
16.2945
16.314
16.3334
16.3526
16.3718
16.3909
16.4099
16.4288
16.4476
16.4663
16.485
16.5035
16.5219
16.5403
16.5585
16.5767
16.5948
16.6127
16.6306
16.6484
16.6662
16.6838
16.7013
16.7188
16.7361
16.7534
16.7706
16.7877
16.8047
16.8216
16.8385
16.8553
16.8719
16.8885
16.9051
16.9215
16.9378
16.9541
16.9703
16.9864
17.0024
17.0184
17.0343
17.05
17.0658
17.0814
17.0969
17.1124
17.1278
17.1431
17.1584
17.1736
17.1887
17.2037
17.2186
17.2335
17.2483
17.263
17.2777
17.2922
17.3067
17.3212
17.3355
17.3498
17.364
17.3782
17.3922
17.4062
17.4202
17.434
17.4478
17.4616
17.4752
17.4888
17.5023
17.5158
17.5292
17.5425
17.5557
17.5689
17.5821
17.5951
17.6081
17.621
17.6339
17.6467
17.6594
17.6721
17.6847
17.6973
17.7097
17.7222
17.7345
17.7468
17.759
17.7712
17.7833
17.7954
17.8074
17.8193
17.8312
17.843
17.8548
17.8665
17.8781
17.8897
17.9012
17.9127
17.9241
17.9354
17.9467
17.958
17.9691
17.9803
17.9913
18.0024
18.0133
18.0242
18.0351
18.0459
18.0566
18.0673
18.0779
18.0885
18.0991
18.1095
18.12
18.1303
18.1407
18.1509
18.1611
18.1713
18.1814
18.1915
18.2015
18.2115
18.2214
18.2313
18.2411
18.2509
18.2606
18.2703
18.2799
18.2895
18.299
18.3085
18.3179
18.3273
18.3366
18.3459
18.3552
18.3644
18.3735
18.3826
18.3917
18.4007
18.4097
18.4186
18.4275
18.4363
18.4451
18.4539
18.4626
18.4713
18.4799
18.4885
18.497
18.5055
18.514
18.5224
18.5307
18.5391
18.5473
18.5556
18.5638
18.5719
18.5801
18.5881
18.5962
18.6042
18.6121
18.6201
18.6279
18.6358
18.6436
18.6513
18.6591
18.6668
18.6744
18.682
18.6896
18.6971
18.7046
18.7121
18.7195
18.7269
18.7342
18.7415
18.7488
18.756
18.7632
18.7704
18.7775
18.7846
18.7917
18.7987
18.8057
18.8127
18.8196
18.8265
18.8333
18.8401
18.8469
18.8537
18.8604
18.8671
18.8737
18.8803
18.8869
18.8935
18.9
18.9065
18.9129
18.9193
18.9257
18.9321
18.9384
18.9447
18.9509
18.9572
18.9634
18.9695
18.9757
18.9818
18.9879
18.9939
18.9999
19.0059
19.0119
19.0178
19.0237
19.0296
19.0354
19.0412
19.047
19.0527
19.0584
19.0641
19.0698
19.0754
19.0811
19.0866
19.0922
19.0977
19.1032
19.1087
19.1141
19.1195
19.1249
19.1303
19.1356
19.1409
19.1462
19.1515
19.1567
19.1619
19.1671
19.1722
19.1774
19.1825
19.1875
19.1926
19.1976
19.2026
19.2076
19.2125
19.2175
19.2224
19.2272
19.2321
19.2369
19.2417
19.2465
19.2513
19.256
19.2607
19.2654
19.27
19.2747
19.2793
19.2839
19.2885
19.293
19.2975
19.302
19.3065
19.311
19.3154
19.3198
19.3242
19.3286
19.3329
19.3372
19.3415
19.3458
19.3501
19.3543
19.3585
19.3627
19.3669
19.3711
19.3752
19.3793
19.3834
19.3875
19.3915
19.3956
19.3996
19.4036
19.4075
19.4115
19.4154
19.4193
19.4232
19.4271
19.431
19.4348
19.4386
19.4424
19.4462
19.4499
19.4537
19.4574
19.4611
19.4648
19.4685
19.4721
19.4757
19.4794
19.483
19.4865
19.4901
19.4936
19.4972
19.5007
19.5041
19.5076
19.5111
19.5145
19.5179
19.5213
19.5247
19.5281
19.5314
19.5348
19.5381
19.5414
19.5447
19.5479
19.5512
19.5544
19.5576
19.5608
19.564
19.5672
19.5704
19.5735
19.5766
19.5797
19.5828
19.5859
19.589
19.592
19.5951
19.5981
19.6011
19.6041
19.607
19.61
19.6129
19.6159
19.6188
19.6217
19.6246
19.6274
19.6303
19.6331
19.6359
19.6388
19.6416
19.6443
19.6471
19.6499
19.6526
19.6554
19.6581
19.6608
19.6635
19.6661
19.6688
19.6714
19.6741
19.6767
19.6793
19.6819
19.6845
19.6871
19.6896
19.6922
19.6947
19.6972
19.6997
19.7022
19.7047
19.7072
19.7096
19.7121
19.7145
19.7169
19.7193
19.7217
19.7241
19.7265
19.7289
19.7312
19.7336
19.7359
19.7382
19.7405
19.7428
19.7451
19.7473
19.7496
19.7518
19.7541
19.7563
19.7585
19.7607
19.7629
19.7651
19.7673
19.7694
19.7716
19.7737
19.7758
19.7779
19.78
19.7821
19.7842
19.7863
19.7884
19.7904
19.7925
19.7945
19.7965
19.7985
19.8005
19.8025
19.8045
19.8065
19.8084
19.8104
19.8123
19.8143
19.8162
19.8181
19.82
19.8219
19.8238
19.8257
19.8275
19.8294
19.8312
19.8331
19.8349
19.8367
19.8385
19.8403
19.8421
19.8439
19.8457
19.8475
19.8492
19.851
19.8527
19.8544
19.8562
19.8579
19.8596
19.8613
19.863
19.8647
19.8663
19.868
19.8697
19.8713
19.8729
19.8746
19.8762
19.8778
19.8794
19.881
19.8826
19.8842
19.8858
19.8873
19.8889
19.8904
19.892
19.8935
19.8951
19.8966
19.8981
19.8996
19.9011
19.9026
19.9041
19.9055
19.907
19.9085
19.9099
19.9114
19.9128
19.9142
19.9157
19.9171
19.9185
19.9199
19.9213
19.9227
19.9241
19.9254
19.9268
19.9282
19.9295
19.9309
19.9322
19.9336
19.9349
19.9362
19.9375
19.9388
19.9401
19.9414
19.9427
19.944
19.9453
19.9466
19.9478
19.9491
19.9503
19.9516
19.9528
19.954
19.9553
19.9565
19.9577
19.9589
19.9601
19.9613
19.9625
19.9637
19.9649
19.966
19.9672
19.9684
19.9695
19.9707
19.9718
19.973
19.9741
19.9752
19.9763
19.9775
19.9786
19.9797
19.9808
19.9819
19.9829
19.984
19.9851
19.9862
19.9872
19.9883
19.9894
19.9904
19.9915
19.9925
19.9935
19.9946
19.9956
19.9966
19.9976
19.9986
19.9996
20.0006
10
10
10
10
10
10
10
10
10
10
10
10
10
10
10
10
10
10
10
10
10.0509
10.1015
10.1519
10.202
10.2518
10.3015
10.3508
10.3999
10.4488
10.4975
10.5459
10.594
10.6419
10.6896
10.737
10.7842
10.8312
10.8779
10.9244
10.9707
11.0167
11.0625
11.1081
11.1534
11.1985
11.2434
11.2881
11.3325
11.3768
11.4208
11.4646
11.5081
11.5515
11.5946
11.6375
11.6802
11.7227
11.765
11.8071
11.8489
11.8906
11.932
11.9733
12.0143
12.0551
12.0958
12.1362
12.1764
12.2164
12.2562
12.2959
12.3353
12.3745
12.4135
12.4524
12.491
12.5295
12.5677
12.6058
12.6437
12.6813
12.7188
12.7562
12.7933
12.8302
12.867
12.9036
12.9399
12.9762
13.0122
13.048
13.0837
13.1192
13.1545
13.1896
13.2246
13.2594
13.294
13.3285
13.3627
13.3968
13.4308
13.4645
13.4981
13.5315
13.5648
13.5979
13.6308
13.6636
13.6962
13.7286
13.7609
13.793
13.825
13.8568
13.8884
13.9199
13.9512
13.9824
14.0134
14.0442
14.0749
14.1055
14.1359
14.1661
14.1962
14.2262
14.256
14.2856
14.3151
14.3445
14.3737
14.4027
14.4316
14.4604
14.489
14.5175
14.5459
14.5741
14.6021
14.63
14.6578
14.6855
14.713
14.7403
14.7676
14.7947
14.8216
14.8484
14.8751
14.9017
14.9281
14.9544
14.9806
15.0066
15.0325
15.0583
15.0839
15.1094
15.1348
15.1601
15.1852
15.2102
15.2351
15.2599
15.2845
15.309
15.3334
15.3577
15.3819
15.4059
15.4298
15.4536
15.4773
15.5008
15.5243
15.5476
15.5708
15.5939
15.6168
15.6397
15.6624
15.6851
15.7076
15.73
15.7523
15.7745
15.7966
15.8185
15.8404
15.8621
15.8837
15.9053
15.9267
15.948
15.9692
15.9903
16.0113
16.0322
16.053
16.0737
16.0943
16.1147
16.1351
16.1554
16.1756
16.1956
16.2156
16.2355
16.2552
16.2749
16.2945
16.314
16.3334
16.3526
16.3718
16.3909
16.4099
16.4288
16.4476
16.4663
16.485
16.5035
16.5219
16.5403
16.5585
16.5767
16.5948
16.6127
16.6306
16.6484
16.6662
16.6838
16.7013
16.7188
16.7361
16.7534
16.7706
16.7877
16.8047
16.8216
16.8385
16.8553
16.8719
16.8885
16.9051
16.9215
16.9378
16.9541
16.9703
16.9864
17.0024
17.0184
17.0343
17.05
17.0658
17.0814
17.0969
17.1124
17.1278
17.1431
17.1584
17.1736
17.1887
17.2037
17.2186
17.2335
17.2483
17.263
17.2777
17.2922
17.3067
17.3212
17.3355
17.3498
17.364
17.3782
17.3922
17.4062
17.4202
17.434
17.4478
17.4616
17.4752
17.4888
17.5023
17.5158
17.5292
17.5425
17.5557
17.5689
17.5821
17.5951
17.6081
17.621
17.6339
17.6467
17.6594
17.6721
17.6847
17.6973
17.7097
17.7222
17.7345
17.7468
17.759
17.7712
17.7833
17.7954
17.8074
17.8193
17.8312
17.843
17.8548
17.8665
17.8781
17.8897
17.9012
17.9127
17.9241
17.9354
17.9467
17.958
17.9691
17.9803
17.9913
18.0024
18.0133
18.0242
18.0351
18.0459
18.0566
18.0673
18.0779
18.0885
18.0991
18.1095
18.12
18.1303
18.1407
18.1509
18.1611
18.1713
18.1814
18.1915
18.2015
18.2115
18.2214
18.2313
18.2411
18.2509
18.2606
18.2703
18.2799
18.2895
18.299
18.3085
18.3179
18.3273
18.3366
18.3459
18.3552
18.3644
18.3735
18.3826
18.3917
18.4007
18.4097
18.4186
18.4275
18.4363
18.4451
18.4539
18.4626
18.4713
18.4799
18.4885
18.497
18.5055
18.514
18.5224
18.5307
18.5391
18.5473
18.5556
18.5638
18.5719
18.5801
18.5881
18.5962
18.6042
18.6121
18.6201
18.6279
18.6358
18.6436
18.6513
18.6591
18.6668
18.6744
18.682
18.6896
18.6971
18.7046
18.7121
18.7195
18.7269
18.7342
18.7415
18.7488
18.756
18.7632
18.7704
18.7775
18.7846
18.7917
18.7987
18.8057
18.8127
18.8196
18.8265
18.8333
18.8401
18.8469
18.8537
18.8604
18.8671
18.8737
18.8803
18.8869
18.8935
18.9
18.9065
18.9129
18.9193
18.9257
18.9321
18.9384
18.9447
18.9509
18.9572
18.9634
18.9695
18.9757
18.9818
18.9879
18.9939
18.9999
19.0059
19.0119
19.0178
19.0237
19.0296
19.0354
19.0412
19.047
19.0527
19.0584
19.0641
19.0698
19.0754
19.0811
19.0866
19.0922
19.0977
19.1032
19.1087
19.1141
19.1195
19.1249
19.1303
19.1356
19.1409
19.1462
19.1515
19.1567
19.1619
19.1671
19.1722
19.1774
19.1825
19.1875
19.1926
19.1976
19.2026
19.2076
19.2125
19.2175
19.2224
19.2272
19.2321
19.2369
19.2417
19.2465
19.2513
19.256
19.2607
19.2654
19.27
19.2747
19.2793
19.2839
19.2885
19.293
19.2975
19.302
19.3065
19.311
19.3154
19.3198
19.3242
19.3286
19.3329
19.3372
19.3415
19.3458
19.3501
19.3543
19.3585
19.3627
19.3669
19.3711
19.3752
19.3793
19.3834
19.3875
19.3915
19.3956
19.3996
19.4036
19.4075
19.4115
19.4154
19.4193
19.4232
19.4271
19.431
19.4348
19.4386
19.4424
19.4462
19.4499
19.4537
19.4574
19.4611
19.4648
19.4685
19.4721
19.4757
19.4794
19.483
19.4865
19.4901
19.4936
19.4972
19.5007
19.5041
19.5076
19.5111
19.5145
19.5179
19.5213
19.5247
19.5281
19.5314
19.5348
19.5381
19.5414
19.5447
19.5479
19.5512
19.5544
19.5576
19.5608
19.564
19.5672
19.5704
19.5735
19.5766
19.5797
19.5828
19.5859
19.589
19.592
19.5951
19.5981
19.6011
19.6041
19.607
19.61
19.6129
19.6159
19.6188
19.6217
19.6246
19.6274
19.6303
19.6331
19.6359
19.6388
19.6416
19.6443
19.6471
19.6499
19.6526
19.6554
19.6581
19.6608
19.6635
19.6661
19.6688
19.6714
19.6741
19.6767
19.6793
19.6819
19.6845
19.6871
19.6896
19.6922
19.6947
19.6972
19.6997
19.7022
19.7047
19.7072
19.7096
19.7121
19.7145
19.7169
19.7193
19.7217
19.7241
19.7265
19.7289
19.7312
19.7336
19.7359
19.7382
19.7405
19.7428
19.7451
19.7473
19.7496
19.7518
19.7541
19.7563
19.7585
19.7607
19.7629
19.7651
Spike Time for neuron 1Spike time : 
92.4
173.2
254
334.8
Spike Time for neuron 2 Spike time : 
94.4
175.1
255.9
336.7
